Analyzing cut site: G|GATCC 
Total cut sites found: 261 
Cut site pairs 80-120 kbp apart: 2413 
1. 5340 - 89198 
2. 5340 - 95201 
3. 5340 - 101612 
4. 5340 - 103104 
5. 5340 - 107716 
6. 5340 - 122336 
7. 5340 - 123568 
8. 10230 - 95201 
9. 10230 - 101612 
10. 10230 - 103104 
11. 10230 - 107716 
12. 10230 - 122336 
13. 10230 - 123568 
14. 12676 - 95201 
15. 12676 - 101612 
16. 12676 - 103104 
17. 12676 - 107716 
18. 12676 - 122336 
19. 12676 - 123568 
20. 12676 - 130479 
21. 13315 - 95201 
22. 13315 - 101612 
23. 13315 - 103104 
24. 13315 - 107716 
25. 13315 - 122336 
26. 13315 - 123568 
27. 13315 - 130479 
28. 13315 - 132783 
29. 13610 - 95201 
30. 13610 - 101612 
31. 13610 - 103104 
32. 13610 - 107716 
33. 13610 - 122336 
34. 13610 - 123568 
35. 13610 - 130479 
36. 13610 - 132783 
37. 13841 - 95201 
38. 13841 - 101612 
39. 13841 - 103104 
40. 13841 - 107716 
41. 13841 - 122336 
42. 13841 - 123568 
43. 13841 - 130479 
44. 13841 - 132783 
45. 15207 - 101612 
46. 15207 - 103104 
47. 15207 - 107716 
48. 15207 - 122336 
49. 15207 - 123568 
50. 15207 - 130479 
51. 15207 - 132783 
52. 15504 - 101612 
53. 15504 - 103104 
54. 15504 - 107716 
55. 15504 - 122336 
56. 15504 - 123568 
57. 15504 - 130479 
58. 15504 - 132783 
59. 16519 - 101612 
60. 16519 - 103104 
61. 16519 - 107716 
62. 16519 - 122336 
63. 16519 - 123568 
64. 16519 - 130479 
65. 16519 - 132783 
66. 17330 - 101612 
67. 17330 - 103104 
68. 17330 - 107716 
69. 17330 - 122336 
70. 17330 - 123568 
71. 17330 - 130479 
72. 17330 - 132783 
73. 17927 - 101612 
74. 17927 - 103104 
75. 17927 - 107716 
76. 17927 - 122336 
77. 17927 - 123568 
78. 17927 - 130479 
79. 17927 - 132783 
80. 18869 - 101612 
81. 18869 - 103104 
82. 18869 - 107716 
83. 18869 - 122336 
84. 18869 - 123568 
85. 18869 - 130479 
86. 18869 - 132783 
87. 19772 - 101612 
88. 19772 - 103104 
89. 19772 - 107716 
90. 19772 - 122336 
91. 19772 - 123568 
92. 19772 - 130479 
93. 19772 - 132783 
94. 24643 - 107716 
95. 24643 - 122336 
96. 24643 - 123568 
97. 24643 - 130479 
98. 24643 - 132783 
99. 24643 - 142798 
100. 24643 - 143330 
101. 30881 - 122336 
102. 30881 - 123568 
103. 30881 - 130479 
104. 30881 - 132783 
105. 30881 - 142798 
106. 30881 - 143330 
107. 30881 - 145231 
108. 30881 - 148457 
109. 34428 - 122336 
110. 34428 - 123568 
111. 34428 - 130479 
112. 34428 - 132783 
113. 34428 - 142798 
114. 34428 - 143330 
115. 34428 - 145231 
116. 34428 - 148457 
117. 34428 - 153149 
118. 34778 - 122336 
119. 34778 - 123568 
120. 34778 - 130479 
121. 34778 - 132783 
122. 34778 - 142798 
123. 34778 - 143330 
124. 34778 - 145231 
125. 34778 - 148457 
126. 34778 - 153149 
127. 37561 - 122336 
128. 37561 - 123568 
129. 37561 - 130479 
130. 37561 - 132783 
131. 37561 - 142798 
132. 37561 - 143330 
133. 37561 - 145231 
134. 37561 - 148457 
135. 37561 - 153149 
136. 37814 - 122336 
137. 37814 - 123568 
138. 37814 - 130479 
139. 37814 - 132783 
140. 37814 - 142798 
141. 37814 - 143330 
142. 37814 - 145231 
143. 37814 - 148457 
144. 37814 - 153149 
145. 38955 - 122336 
146. 38955 - 123568 
147. 38955 - 130479 
148. 38955 - 132783 
149. 38955 - 142798 
150. 38955 - 143330 
151. 38955 - 145231 
152. 38955 - 148457 
153. 38955 - 153149 
154. 39194 - 122336 
155. 39194 - 123568 
156. 39194 - 130479 
157. 39194 - 132783 
158. 39194 - 142798 
159. 39194 - 143330 
160. 39194 - 145231 
161. 39194 - 148457 
162. 39194 - 153149 
163. 39194 - 159075 
164. 42056 - 122336 
165. 42056 - 123568 
166. 42056 - 130479 
167. 42056 - 132783 
168. 42056 - 142798 
169. 42056 - 143330 
170. 42056 - 145231 
171. 42056 - 148457 
172. 42056 - 153149 
173. 42056 - 159075 
174. 42056 - 161569 
175. 42056 - 161694 
176. 42535 - 123568 
177. 42535 - 130479 
178. 42535 - 132783 
179. 42535 - 142798 
180. 42535 - 143330 
181. 42535 - 145231 
182. 42535 - 148457 
183. 42535 - 153149 
184. 42535 - 159075 
185. 42535 - 161569 
186. 42535 - 161694 
187. 42763 - 123568 
188. 42763 - 130479 
189. 42763 - 132783 
190. 42763 - 142798 
191. 42763 - 143330 
192. 42763 - 145231 
193. 42763 - 148457 
194. 42763 - 153149 
195. 42763 - 159075 
196. 42763 - 161569 
197. 42763 - 161694 
198. 48774 - 130479 
199. 48774 - 132783 
200. 48774 - 142798 
201. 48774 - 143330 
202. 48774 - 145231 
203. 48774 - 148457 
204. 48774 - 153149 
205. 48774 - 159075 
206. 48774 - 161569 
207. 48774 - 161694 
208. 48774 - 163945 
209. 48774 - 166245 
210. 48774 - 166549 
211. 51384 - 132783 
212. 51384 - 142798 
213. 51384 - 143330 
214. 51384 - 145231 
215. 51384 - 148457 
216. 51384 - 153149 
217. 51384 - 159075 
218. 51384 - 161569 
219. 51384 - 161694 
220. 51384 - 163945 
221. 51384 - 166245 
222. 51384 - 166549 
223. 51384 - 170024 
224. 61321 - 142798 
225. 61321 - 143330 
226. 61321 - 145231 
227. 61321 - 148457 
228. 61321 - 153149 
229. 61321 - 159075 
230. 61321 - 161569 
231. 61321 - 161694 
232. 61321 - 163945 
233. 61321 - 166245 
234. 61321 - 166549 
235. 61321 - 170024 
236. 61321 - 180177 
237. 66190 - 148457 
238. 66190 - 153149 
239. 66190 - 159075 
240. 66190 - 161569 
241. 66190 - 161694 
242. 66190 - 163945 
243. 66190 - 166245 
244. 66190 - 166549 
245. 66190 - 170024 
246. 66190 - 180177 
247. 66190 - 183583 
248. 66190 - 183932 
249. 66190 - 183992 
250. 71762 - 153149 
251. 71762 - 159075 
252. 71762 - 161569 
253. 71762 - 161694 
254. 71762 - 163945 
255. 71762 - 166245 
256. 71762 - 166549 
257. 71762 - 170024 
258. 71762 - 180177 
259. 71762 - 183583 
260. 71762 - 183932 
261. 71762 - 183992 
262. 71762 - 189540 
263. 89198 - 170024 
264. 89198 - 180177 
265. 89198 - 183583 
266. 89198 - 183932 
267. 89198 - 183992 
268. 89198 - 189540 
269. 89198 - 192131 
270. 89198 - 206117 
271. 95201 - 180177 
272. 95201 - 183583 
273. 95201 - 183932 
274. 95201 - 183992 
275. 95201 - 189540 
276. 95201 - 192131 
277. 95201 - 206117 
278. 95201 - 210305 
279. 95201 - 210944 
280. 95201 - 211864 
281. 95201 - 212995 
282. 101612 - 183583 
283. 101612 - 183932 
284. 101612 - 183992 
285. 101612 - 189540 
286. 101612 - 192131 
287. 101612 - 206117 
288. 101612 - 210305 
289. 101612 - 210944 
290. 101612 - 211864 
291. 101612 - 212995 
292. 101612 - 216901 
293. 101612 - 217740 
294. 101612 - 220115 
295. 101612 - 221242 
296. 103104 - 183583 
297. 103104 - 183932 
298. 103104 - 183992 
299. 103104 - 189540 
300. 103104 - 192131 
301. 103104 - 206117 
302. 103104 - 210305 
303. 103104 - 210944 
304. 103104 - 211864 
305. 103104 - 212995 
306. 103104 - 216901 
307. 103104 - 217740 
308. 103104 - 220115 
309. 103104 - 221242 
310. 107716 - 189540 
311. 107716 - 192131 
312. 107716 - 206117 
313. 107716 - 210305 
314. 107716 - 210944 
315. 107716 - 211864 
316. 107716 - 212995 
317. 107716 - 216901 
318. 107716 - 217740 
319. 107716 - 220115 
320. 107716 - 221242 
321. 122336 - 206117 
322. 122336 - 210305 
323. 122336 - 210944 
324. 122336 - 211864 
325. 122336 - 212995 
326. 122336 - 216901 
327. 122336 - 217740 
328. 122336 - 220115 
329. 122336 - 221242 
330. 122336 - 237344 
331. 122336 - 240036 
332. 123568 - 206117 
333. 123568 - 210305 
334. 123568 - 210944 
335. 123568 - 211864 
336. 123568 - 212995 
337. 123568 - 216901 
338. 123568 - 217740 
339. 123568 - 220115 
340. 123568 - 221242 
341. 123568 - 237344 
342. 123568 - 240036 
343. 123568 - 242433 
344. 130479 - 210944 
345. 130479 - 211864 
346. 130479 - 212995 
347. 130479 - 216901 
348. 130479 - 217740 
349. 130479 - 220115 
350. 130479 - 221242 
351. 130479 - 237344 
352. 130479 - 240036 
353. 130479 - 242433 
354. 130479 - 246388 
355. 130479 - 246537 
356. 132783 - 212995 
357. 132783 - 216901 
358. 132783 - 217740 
359. 132783 - 220115 
360. 132783 - 221242 
361. 132783 - 237344 
362. 132783 - 240036 
363. 132783 - 242433 
364. 132783 - 246388 
365. 132783 - 246537 
366. 142798 - 237344 
367. 142798 - 240036 
368. 142798 - 242433 
369. 142798 - 246388 
370. 142798 - 246537 
371. 143330 - 237344 
372. 143330 - 240036 
373. 143330 - 242433 
374. 143330 - 246388 
375. 143330 - 246537 
376. 145231 - 237344 
377. 145231 - 240036 
378. 145231 - 242433 
379. 145231 - 246388 
380. 145231 - 246537 
381. 148457 - 237344 
382. 148457 - 240036 
383. 148457 - 242433 
384. 148457 - 246388 
385. 148457 - 246537 
386. 153149 - 237344 
387. 153149 - 240036 
388. 153149 - 242433 
389. 153149 - 246388 
390. 153149 - 246537 
391. 159075 - 240036 
392. 159075 - 242433 
393. 159075 - 246388 
394. 159075 - 246537 
395. 159075 - 277206 
396. 159075 - 277891 
397. 161569 - 242433 
398. 161569 - 246388 
399. 161569 - 246537 
400. 161569 - 277206 
401. 161569 - 277891 
402. 161694 - 242433 
403. 161694 - 246388 
404. 161694 - 246537 
405. 161694 - 277206 
406. 161694 - 277891 
407. 163945 - 246388 
408. 163945 - 246537 
409. 163945 - 277206 
410. 163945 - 277891 
411. 163945 - 283594 
412. 166245 - 246388 
413. 166245 - 246537 
414. 166245 - 277206 
415. 166245 - 277891 
416. 166245 - 283594 
417. 166549 - 277206 
418. 166549 - 277891 
419. 166549 - 283594 
420. 166549 - 286391 
421. 170024 - 277206 
422. 170024 - 277891 
423. 170024 - 283594 
424. 170024 - 286391 
425. 170024 - 287821 
426. 180177 - 277206 
427. 180177 - 277891 
428. 180177 - 283594 
429. 180177 - 286391 
430. 180177 - 287821 
431. 180177 - 295225 
432. 183583 - 277206 
433. 183583 - 277891 
434. 183583 - 283594 
435. 183583 - 286391 
436. 183583 - 287821 
437. 183583 - 295225 
438. 183932 - 277206 
439. 183932 - 277891 
440. 183932 - 283594 
441. 183932 - 286391 
442. 183932 - 287821 
443. 183932 - 295225 
444. 183992 - 277206 
445. 183992 - 277891 
446. 183992 - 283594 
447. 183992 - 286391 
448. 183992 - 287821 
449. 183992 - 295225 
450. 189540 - 277206 
451. 189540 - 277891 
452. 189540 - 283594 
453. 189540 - 286391 
454. 189540 - 287821 
455. 189540 - 295225 
456. 189540 - 308622 
457. 192131 - 277206 
458. 192131 - 277891 
459. 192131 - 283594 
460. 192131 - 286391 
461. 192131 - 287821 
462. 192131 - 295225 
463. 192131 - 308622 
464. 206117 - 286391 
465. 206117 - 287821 
466. 206117 - 295225 
467. 206117 - 308622 
468. 206117 - 315869 
469. 206117 - 322278 
470. 210305 - 295225 
471. 210305 - 308622 
472. 210305 - 315869 
473. 210305 - 322278 
474. 210944 - 295225 
475. 210944 - 308622 
476. 210944 - 315869 
477. 210944 - 322278 
478. 211864 - 295225 
479. 211864 - 308622 
480. 211864 - 315869 
481. 211864 - 322278 
482. 211864 - 331672 
483. 212995 - 295225 
484. 212995 - 308622 
485. 212995 - 315869 
486. 212995 - 322278 
487. 212995 - 331672 
488. 216901 - 308622 
489. 216901 - 315869 
490. 216901 - 322278 
491. 216901 - 331672 
492. 217740 - 308622 
493. 217740 - 315869 
494. 217740 - 322278 
495. 217740 - 331672 
496. 220115 - 308622 
497. 220115 - 315869 
498. 220115 - 322278 
499. 220115 - 331672 
500. 220115 - 338350 
501. 220115 - 338614 
502. 221242 - 308622 
503. 221242 - 315869 
504. 221242 - 322278 
505. 221242 - 331672 
506. 221242 - 338350 
507. 221242 - 338614 
508. 237344 - 322278 
509. 237344 - 331672 
510. 237344 - 338350 
511. 237344 - 338614 
512. 237344 - 342655 
513. 237344 - 346689 
514. 237344 - 349241 
515. 237344 - 352303 
516. 240036 - 322278 
517. 240036 - 331672 
518. 240036 - 338350 
519. 240036 - 338614 
520. 240036 - 342655 
521. 240036 - 346689 
522. 240036 - 349241 
523. 240036 - 352303 
524. 242433 - 331672 
525. 242433 - 338350 
526. 242433 - 338614 
527. 242433 - 342655 
528. 242433 - 346689 
529. 242433 - 349241 
530. 242433 - 352303 
531. 246388 - 331672 
532. 246388 - 338350 
533. 246388 - 338614 
534. 246388 - 342655 
535. 246388 - 346689 
536. 246388 - 349241 
537. 246388 - 352303 
538. 246537 - 331672 
539. 246537 - 338350 
540. 246537 - 338614 
541. 246537 - 342655 
542. 246537 - 346689 
543. 246537 - 349241 
544. 246537 - 352303 
545. 277206 - 367366 
546. 277206 - 370406 
547. 277206 - 373499 
548. 277206 - 381735 
549. 277206 - 384498 
550. 277206 - 384539 
551. 277206 - 386462 
552. 277206 - 386702 
553. 277206 - 390392 
554. 277206 - 390440 
555. 277206 - 393149 
556. 277206 - 394602 
557. 277891 - 367366 
558. 277891 - 370406 
559. 277891 - 373499 
560. 277891 - 381735 
561. 277891 - 384498 
562. 277891 - 384539 
563. 277891 - 386462 
564. 277891 - 386702 
565. 277891 - 390392 
566. 277891 - 390440 
567. 277891 - 393149 
568. 277891 - 394602 
569. 283594 - 367366 
570. 283594 - 370406 
571. 283594 - 373499 
572. 283594 - 381735 
573. 283594 - 384498 
574. 283594 - 384539 
575. 283594 - 386462 
576. 283594 - 386702 
577. 283594 - 390392 
578. 283594 - 390440 
579. 283594 - 393149 
580. 283594 - 394602 
581. 286391 - 367366 
582. 286391 - 370406 
583. 286391 - 373499 
584. 286391 - 381735 
585. 286391 - 384498 
586. 286391 - 384539 
587. 286391 - 386462 
588. 286391 - 386702 
589. 286391 - 390392 
590. 286391 - 390440 
591. 286391 - 393149 
592. 286391 - 394602 
593. 287821 - 370406 
594. 287821 - 373499 
595. 287821 - 381735 
596. 287821 - 384498 
597. 287821 - 384539 
598. 287821 - 386462 
599. 287821 - 386702 
600. 287821 - 390392 
601. 287821 - 390440 
602. 287821 - 393149 
603. 287821 - 394602 
604. 295225 - 381735 
605. 295225 - 384498 
606. 295225 - 384539 
607. 295225 - 386462 
608. 295225 - 386702 
609. 295225 - 390392 
610. 295225 - 390440 
611. 295225 - 393149 
612. 295225 - 394602 
613. 295225 - 413125 
614. 308622 - 390392 
615. 308622 - 390440 
616. 308622 - 393149 
617. 308622 - 394602 
618. 308622 - 413125 
619. 308622 - 421023 
620. 308622 - 423758 
621. 315869 - 413125 
622. 315869 - 421023 
623. 315869 - 423758 
624. 315869 - 430578 
625. 315869 - 431772 
626. 315869 - 432507 
627. 322278 - 413125 
628. 322278 - 421023 
629. 322278 - 423758 
630. 322278 - 430578 
631. 322278 - 431772 
632. 322278 - 432507 
633. 331672 - 413125 
634. 331672 - 421023 
635. 331672 - 423758 
636. 331672 - 430578 
637. 331672 - 431772 
638. 331672 - 432507 
639. 331672 - 444486 
640. 331672 - 444630 
641. 331672 - 448418 
642. 331672 - 450297 
643. 338350 - 421023 
644. 338350 - 423758 
645. 338350 - 430578 
646. 338350 - 431772 
647. 338350 - 432507 
648. 338350 - 444486 
649. 338350 - 444630 
650. 338350 - 448418 
651. 338350 - 450297 
652. 338350 - 452555 
653. 338614 - 421023 
654. 338614 - 423758 
655. 338614 - 430578 
656. 338614 - 431772 
657. 338614 - 432507 
658. 338614 - 444486 
659. 338614 - 444630 
660. 338614 - 448418 
661. 338614 - 450297 
662. 338614 - 452555 
663. 342655 - 423758 
664. 342655 - 430578 
665. 342655 - 431772 
666. 342655 - 432507 
667. 342655 - 444486 
668. 342655 - 444630 
669. 342655 - 448418 
670. 342655 - 450297 
671. 342655 - 452555 
672. 346689 - 430578 
673. 346689 - 431772 
674. 346689 - 432507 
675. 346689 - 444486 
676. 346689 - 444630 
677. 346689 - 448418 
678. 346689 - 450297 
679. 346689 - 452555 
680. 346689 - 462979 
681. 349241 - 430578 
682. 349241 - 431772 
683. 349241 - 432507 
684. 349241 - 444486 
685. 349241 - 444630 
686. 349241 - 448418 
687. 349241 - 450297 
688. 349241 - 452555 
689. 349241 - 462979 
690. 349241 - 466969 
691. 352303 - 432507 
692. 352303 - 444486 
693. 352303 - 444630 
694. 352303 - 448418 
695. 352303 - 450297 
696. 352303 - 452555 
697. 352303 - 462979 
698. 352303 - 466969 
699. 367366 - 448418 
700. 367366 - 450297 
701. 367366 - 452555 
702. 367366 - 462979 
703. 367366 - 466969 
704. 367366 - 473909 
705. 367366 - 479903 
706. 370406 - 452555 
707. 370406 - 462979 
708. 370406 - 466969 
709. 370406 - 473909 
710. 370406 - 479903 
711. 370406 - 487415 
712. 370406 - 489696 
713. 373499 - 462979 
714. 373499 - 466969 
715. 373499 - 473909 
716. 373499 - 479903 
717. 373499 - 487415 
718. 373499 - 489696 
719. 381735 - 462979 
720. 381735 - 466969 
721. 381735 - 473909 
722. 381735 - 479903 
723. 381735 - 487415 
724. 381735 - 489696 
725. 381735 - 494905 
726. 381735 - 499128 
727. 381735 - 501369 
728. 384498 - 466969 
729. 384498 - 473909 
730. 384498 - 479903 
731. 384498 - 487415 
732. 384498 - 489696 
733. 384498 - 494905 
734. 384498 - 499128 
735. 384498 - 501369 
736. 384498 - 504125 
737. 384539 - 466969 
738. 384539 - 473909 
739. 384539 - 479903 
740. 384539 - 487415 
741. 384539 - 489696 
742. 384539 - 494905 
743. 384539 - 499128 
744. 384539 - 501369 
745. 384539 - 504125 
746. 386462 - 466969 
747. 386462 - 473909 
748. 386462 - 479903 
749. 386462 - 487415 
750. 386462 - 489696 
751. 386462 - 494905 
752. 386462 - 499128 
753. 386462 - 501369 
754. 386462 - 504125 
755. 386702 - 466969 
756. 386702 - 473909 
757. 386702 - 479903 
758. 386702 - 487415 
759. 386702 - 489696 
760. 386702 - 494905 
761. 386702 - 499128 
762. 386702 - 501369 
763. 386702 - 504125 
764. 390392 - 473909 
765. 390392 - 479903 
766. 390392 - 487415 
767. 390392 - 489696 
768. 390392 - 494905 
769. 390392 - 499128 
770. 390392 - 501369 
771. 390392 - 504125 
772. 390392 - 507802 
773. 390440 - 473909 
774. 390440 - 479903 
775. 390440 - 487415 
776. 390440 - 489696 
777. 390440 - 494905 
778. 390440 - 499128 
779. 390440 - 501369 
780. 390440 - 504125 
781. 390440 - 507802 
782. 393149 - 473909 
783. 393149 - 479903 
784. 393149 - 487415 
785. 393149 - 489696 
786. 393149 - 494905 
787. 393149 - 499128 
788. 393149 - 501369 
789. 393149 - 504125 
790. 393149 - 507802 
791. 393149 - 510562 
792. 393149 - 512220 
793. 394602 - 479903 
794. 394602 - 487415 
795. 394602 - 489696 
796. 394602 - 494905 
797. 394602 - 499128 
798. 394602 - 501369 
799. 394602 - 504125 
800. 394602 - 507802 
801. 394602 - 510562 
802. 394602 - 512220 
803. 394602 - 514276 
804. 413125 - 494905 
805. 413125 - 499128 
806. 413125 - 501369 
807. 413125 - 504125 
808. 413125 - 507802 
809. 413125 - 510562 
810. 413125 - 512220 
811. 413125 - 514276 
812. 413125 - 521595 
813. 413125 - 525926 
814. 413125 - 528060 
815. 413125 - 531157 
816. 421023 - 501369 
817. 421023 - 504125 
818. 421023 - 507802 
819. 421023 - 510562 
820. 421023 - 512220 
821. 421023 - 514276 
822. 421023 - 521595 
823. 421023 - 525926 
824. 421023 - 528060 
825. 421023 - 531157 
826. 421023 - 538689 
827. 421023 - 540494 
828. 421023 - 540929 
829. 423758 - 504125 
830. 423758 - 507802 
831. 423758 - 510562 
832. 423758 - 512220 
833. 423758 - 514276 
834. 423758 - 521595 
835. 423758 - 525926 
836. 423758 - 528060 
837. 423758 - 531157 
838. 423758 - 538689 
839. 423758 - 540494 
840. 423758 - 540929 
841. 423758 - 541654 
842. 430578 - 512220 
843. 430578 - 514276 
844. 430578 - 521595 
845. 430578 - 525926 
846. 430578 - 528060 
847. 430578 - 531157 
848. 430578 - 538689 
849. 430578 - 540494 
850. 430578 - 540929 
851. 430578 - 541654 
852. 430578 - 543929 
853. 430578 - 546360 
854. 431772 - 512220 
855. 431772 - 514276 
856. 431772 - 521595 
857. 431772 - 525926 
858. 431772 - 528060 
859. 431772 - 531157 
860. 431772 - 538689 
861. 431772 - 540494 
862. 431772 - 540929 
863. 431772 - 541654 
864. 431772 - 543929 
865. 431772 - 546360 
866. 431772 - 551487 
867. 432507 - 514276 
868. 432507 - 521595 
869. 432507 - 525926 
870. 432507 - 528060 
871. 432507 - 531157 
872. 432507 - 538689 
873. 432507 - 540494 
874. 432507 - 540929 
875. 432507 - 541654 
876. 432507 - 543929 
877. 432507 - 546360 
878. 432507 - 551487 
879. 444486 - 525926 
880. 444486 - 528060 
881. 444486 - 531157 
882. 444486 - 538689 
883. 444486 - 540494 
884. 444486 - 540929 
885. 444486 - 541654 
886. 444486 - 543929 
887. 444486 - 546360 
888. 444486 - 551487 
889. 444486 - 553465 
890. 444486 - 555579 
891. 444486 - 557278 
892. 444486 - 557758 
893. 444486 - 558017 
894. 444486 - 560557 
895. 444486 - 563288 
896. 444630 - 525926 
897. 444630 - 528060 
898. 444630 - 531157 
899. 444630 - 538689 
900. 444630 - 540494 
901. 444630 - 540929 
902. 444630 - 541654 
903. 444630 - 543929 
904. 444630 - 546360 
905. 444630 - 551487 
906. 444630 - 553465 
907. 444630 - 555579 
908. 444630 - 557278 
909. 444630 - 557758 
910. 444630 - 558017 
911. 444630 - 560557 
912. 444630 - 563288 
913. 448418 - 531157 
914. 448418 - 538689 
915. 448418 - 540494 
916. 448418 - 540929 
917. 448418 - 541654 
918. 448418 - 543929 
919. 448418 - 546360 
920. 448418 - 551487 
921. 448418 - 553465 
922. 448418 - 555579 
923. 448418 - 557278 
924. 448418 - 557758 
925. 448418 - 558017 
926. 448418 - 560557 
927. 448418 - 563288 
928. 448418 - 566153 
929. 450297 - 531157 
930. 450297 - 538689 
931. 450297 - 540494 
932. 450297 - 540929 
933. 450297 - 541654 
934. 450297 - 543929 
935. 450297 - 546360 
936. 450297 - 551487 
937. 450297 - 553465 
938. 450297 - 555579 
939. 450297 - 557278 
940. 450297 - 557758 
941. 450297 - 558017 
942. 450297 - 560557 
943. 450297 - 563288 
944. 450297 - 566153 
945. 450297 - 568749 
946. 450297 - 569442 
947. 452555 - 538689 
948. 452555 - 540494 
949. 452555 - 540929 
950. 452555 - 541654 
951. 452555 - 543929 
952. 452555 - 546360 
953. 452555 - 551487 
954. 452555 - 553465 
955. 452555 - 555579 
956. 452555 - 557278 
957. 452555 - 557758 
958. 452555 - 558017 
959. 452555 - 560557 
960. 452555 - 563288 
961. 452555 - 566153 
962. 452555 - 568749 
963. 452555 - 569442 
964. 452555 - 571916 
965. 462979 - 543929 
966. 462979 - 546360 
967. 462979 - 551487 
968. 462979 - 553465 
969. 462979 - 555579 
970. 462979 - 557278 
971. 462979 - 557758 
972. 462979 - 558017 
973. 462979 - 560557 
974. 462979 - 563288 
975. 462979 - 566153 
976. 462979 - 568749 
977. 462979 - 569442 
978. 462979 - 571916 
979. 462979 - 574433 
980. 462979 - 576197 
981. 462979 - 579252 
982. 462979 - 580641 
983. 466969 - 551487 
984. 466969 - 553465 
985. 466969 - 555579 
986. 466969 - 557278 
987. 466969 - 557758 
988. 466969 - 558017 
989. 466969 - 560557 
990. 466969 - 563288 
991. 466969 - 566153 
992. 466969 - 568749 
993. 466969 - 569442 
994. 466969 - 571916 
995. 466969 - 574433 
996. 466969 - 576197 
997. 466969 - 579252 
998. 466969 - 580641 
999. 466969 - 583572 
1000. 466969 - 583985 
1001. 473909 - 555579 
1002. 473909 - 557278 
1003. 473909 - 557758 
1004. 473909 - 558017 
1005. 473909 - 560557 
1006. 473909 - 563288 
1007. 473909 - 566153 
1008. 473909 - 568749 
1009. 473909 - 569442 
1010. 473909 - 571916 
1011. 473909 - 574433 
1012. 473909 - 576197 
1013. 473909 - 579252 
1014. 473909 - 580641 
1015. 473909 - 583572 
1016. 473909 - 583985 
1017. 473909 - 587648 
1018. 473909 - 592621 
1019. 473909 - 592970 
1020. 479903 - 560557 
1021. 479903 - 563288 
1022. 479903 - 566153 
1023. 479903 - 568749 
1024. 479903 - 569442 
1025. 479903 - 571916 
1026. 479903 - 574433 
1027. 479903 - 576197 
1028. 479903 - 579252 
1029. 479903 - 580641 
1030. 479903 - 583572 
1031. 479903 - 583985 
1032. 479903 - 587648 
1033. 479903 - 592621 
1034. 479903 - 592970 
1035. 479903 - 596708 
1036. 479903 - 597021 
1037. 479903 - 597818 
1038. 479903 - 598431 
1039. 479903 - 598915 
1040. 487415 - 568749 
1041. 487415 - 569442 
1042. 487415 - 571916 
1043. 487415 - 574433 
1044. 487415 - 576197 
1045. 487415 - 579252 
1046. 487415 - 580641 
1047. 487415 - 583572 
1048. 487415 - 583985 
1049. 487415 - 587648 
1050. 487415 - 592621 
1051. 487415 - 592970 
1052. 487415 - 596708 
1053. 487415 - 597021 
1054. 487415 - 597818 
1055. 487415 - 598431 
1056. 487415 - 598915 
1057. 489696 - 571916 
1058. 489696 - 574433 
1059. 489696 - 576197 
1060. 489696 - 579252 
1061. 489696 - 580641 
1062. 489696 - 583572 
1063. 489696 - 583985 
1064. 489696 - 587648 
1065. 489696 - 592621 
1066. 489696 - 592970 
1067. 489696 - 596708 
1068. 489696 - 597021 
1069. 489696 - 597818 
1070. 489696 - 598431 
1071. 489696 - 598915 
1072. 489696 - 609088 
1073. 494905 - 576197 
1074. 494905 - 579252 
1075. 494905 - 580641 
1076. 494905 - 583572 
1077. 494905 - 583985 
1078. 494905 - 587648 
1079. 494905 - 592621 
1080. 494905 - 592970 
1081. 494905 - 596708 
1082. 494905 - 597021 
1083. 494905 - 597818 
1084. 494905 - 598431 
1085. 494905 - 598915 
1086. 494905 - 609088 
1087. 494905 - 612577 
1088. 494905 - 613409 
1089. 494905 - 614208 
1090. 494905 - 614710 
1091. 499128 - 579252 
1092. 499128 - 580641 
1093. 499128 - 583572 
1094. 499128 - 583985 
1095. 499128 - 587648 
1096. 499128 - 592621 
1097. 499128 - 592970 
1098. 499128 - 596708 
1099. 499128 - 597021 
1100. 499128 - 597818 
1101. 499128 - 598431 
1102. 499128 - 598915 
1103. 499128 - 609088 
1104. 499128 - 612577 
1105. 499128 - 613409 
1106. 499128 - 614208 
1107. 499128 - 614710 
1108. 499128 - 618638 
1109. 501369 - 583572 
1110. 501369 - 583985 
1111. 501369 - 587648 
1112. 501369 - 592621 
1113. 501369 - 592970 
1114. 501369 - 596708 
1115. 501369 - 597021 
1116. 501369 - 597818 
1117. 501369 - 598431 
1118. 501369 - 598915 
1119. 501369 - 609088 
1120. 501369 - 612577 
1121. 501369 - 613409 
1122. 501369 - 614208 
1123. 501369 - 614710 
1124. 501369 - 618638 
1125. 504125 - 587648 
1126. 504125 - 592621 
1127. 504125 - 592970 
1128. 504125 - 596708 
1129. 504125 - 597021 
1130. 504125 - 597818 
1131. 504125 - 598431 
1132. 504125 - 598915 
1133. 504125 - 609088 
1134. 504125 - 612577 
1135. 504125 - 613409 
1136. 504125 - 614208 
1137. 504125 - 614710 
1138. 504125 - 618638 
1139. 504125 - 621404 
1140. 504125 - 622420 
1141. 507802 - 592621 
1142. 507802 - 592970 
1143. 507802 - 596708 
1144. 507802 - 597021 
1145. 507802 - 597818 
1146. 507802 - 598431 
1147. 507802 - 598915 
1148. 507802 - 609088 
1149. 507802 - 612577 
1150. 507802 - 613409 
1151. 507802 - 614208 
1152. 507802 - 614710 
1153. 507802 - 618638 
1154. 507802 - 621404 
1155. 507802 - 622420 
1156. 507802 - 626835 
1157. 510562 - 592621 
1158. 510562 - 592970 
1159. 510562 - 596708 
1160. 510562 - 597021 
1161. 510562 - 597818 
1162. 510562 - 598431 
1163. 510562 - 598915 
1164. 510562 - 609088 
1165. 510562 - 612577 
1166. 510562 - 613409 
1167. 510562 - 614208 
1168. 510562 - 614710 
1169. 510562 - 618638 
1170. 510562 - 621404 
1171. 510562 - 622420 
1172. 510562 - 626835 
1173. 512220 - 592621 
1174. 512220 - 592970 
1175. 512220 - 596708 
1176. 512220 - 597021 
1177. 512220 - 597818 
1178. 512220 - 598431 
1179. 512220 - 598915 
1180. 512220 - 609088 
1181. 512220 - 612577 
1182. 512220 - 613409 
1183. 512220 - 614208 
1184. 512220 - 614710 
1185. 512220 - 618638 
1186. 512220 - 621404 
1187. 512220 - 622420 
1188. 512220 - 626835 
1189. 514276 - 596708 
1190. 514276 - 597021 
1191. 514276 - 597818 
1192. 514276 - 598431 
1193. 514276 - 598915 
1194. 514276 - 609088 
1195. 514276 - 612577 
1196. 514276 - 613409 
1197. 514276 - 614208 
1198. 514276 - 614710 
1199. 514276 - 618638 
1200. 514276 - 621404 
1201. 514276 - 622420 
1202. 514276 - 626835 
1203. 521595 - 609088 
1204. 521595 - 612577 
1205. 521595 - 613409 
1206. 521595 - 614208 
1207. 521595 - 614710 
1208. 521595 - 618638 
1209. 521595 - 621404 
1210. 521595 - 622420 
1211. 521595 - 626835 
1212. 521595 - 635165 
1213. 521595 - 640366 
1214. 521595 - 641354 
1215. 525926 - 609088 
1216. 525926 - 612577 
1217. 525926 - 613409 
1218. 525926 - 614208 
1219. 525926 - 614710 
1220. 525926 - 618638 
1221. 525926 - 621404 
1222. 525926 - 622420 
1223. 525926 - 626835 
1224. 525926 - 635165 
1225. 525926 - 640366 
1226. 525926 - 641354 
1227. 525926 - 642171 
1228. 525926 - 643175 
1229. 525926 - 643723 
1230. 528060 - 609088 
1231. 528060 - 612577 
1232. 528060 - 613409 
1233. 528060 - 614208 
1234. 528060 - 614710 
1235. 528060 - 618638 
1236. 528060 - 621404 
1237. 528060 - 622420 
1238. 528060 - 626835 
1239. 528060 - 635165 
1240. 528060 - 640366 
1241. 528060 - 641354 
1242. 528060 - 642171 
1243. 528060 - 643175 
1244. 528060 - 643723 
1245. 528060 - 647209 
1246. 531157 - 612577 
1247. 531157 - 613409 
1248. 531157 - 614208 
1249. 531157 - 614710 
1250. 531157 - 618638 
1251. 531157 - 621404 
1252. 531157 - 622420 
1253. 531157 - 626835 
1254. 531157 - 635165 
1255. 531157 - 640366 
1256. 531157 - 641354 
1257. 531157 - 642171 
1258. 531157 - 643175 
1259. 531157 - 643723 
1260. 531157 - 647209 
1261. 531157 - 649151 
1262. 538689 - 621404 
1263. 538689 - 622420 
1264. 538689 - 626835 
1265. 538689 - 635165 
1266. 538689 - 640366 
1267. 538689 - 641354 
1268. 538689 - 642171 
1269. 538689 - 643175 
1270. 538689 - 643723 
1271. 538689 - 647209 
1272. 538689 - 649151 
1273. 538689 - 652545 
1274. 540494 - 621404 
1275. 540494 - 622420 
1276. 540494 - 626835 
1277. 540494 - 635165 
1278. 540494 - 640366 
1279. 540494 - 641354 
1280. 540494 - 642171 
1281. 540494 - 643175 
1282. 540494 - 643723 
1283. 540494 - 647209 
1284. 540494 - 649151 
1285. 540494 - 652545 
1286. 540494 - 660136 
1287. 540929 - 621404 
1288. 540929 - 622420 
1289. 540929 - 626835 
1290. 540929 - 635165 
1291. 540929 - 640366 
1292. 540929 - 641354 
1293. 540929 - 642171 
1294. 540929 - 643175 
1295. 540929 - 643723 
1296. 540929 - 647209 
1297. 540929 - 649151 
1298. 540929 - 652545 
1299. 540929 - 660136 
1300. 541654 - 622420 
1301. 541654 - 626835 
1302. 541654 - 635165 
1303. 541654 - 640366 
1304. 541654 - 641354 
1305. 541654 - 642171 
1306. 541654 - 643175 
1307. 541654 - 643723 
1308. 541654 - 647209 
1309. 541654 - 649151 
1310. 541654 - 652545 
1311. 541654 - 660136 
1312. 543929 - 626835 
1313. 543929 - 635165 
1314. 543929 - 640366 
1315. 543929 - 641354 
1316. 543929 - 642171 
1317. 543929 - 643175 
1318. 543929 - 643723 
1319. 543929 - 647209 
1320. 543929 - 649151 
1321. 543929 - 652545 
1322. 543929 - 660136 
1323. 543929 - 662363 
1324. 543929 - 662628 
1325. 543929 - 663921 
1326. 546360 - 626835 
1327. 546360 - 635165 
1328. 546360 - 640366 
1329. 546360 - 641354 
1330. 546360 - 642171 
1331. 546360 - 643175 
1332. 546360 - 643723 
1333. 546360 - 647209 
1334. 546360 - 649151 
1335. 546360 - 652545 
1336. 546360 - 660136 
1337. 546360 - 662363 
1338. 546360 - 662628 
1339. 546360 - 663921 
1340. 551487 - 635165 
1341. 551487 - 640366 
1342. 551487 - 641354 
1343. 551487 - 642171 
1344. 551487 - 643175 
1345. 551487 - 643723 
1346. 551487 - 647209 
1347. 551487 - 649151 
1348. 551487 - 652545 
1349. 551487 - 660136 
1350. 551487 - 662363 
1351. 551487 - 662628 
1352. 551487 - 663921 
1353. 551487 - 667756 
1354. 553465 - 635165 
1355. 553465 - 640366 
1356. 553465 - 641354 
1357. 553465 - 642171 
1358. 553465 - 643175 
1359. 553465 - 643723 
1360. 553465 - 647209 
1361. 553465 - 649151 
1362. 553465 - 652545 
1363. 553465 - 660136 
1364. 553465 - 662363 
1365. 553465 - 662628 
1366. 553465 - 663921 
1367. 553465 - 667756 
1368. 553465 - 671786 
1369. 555579 - 640366 
1370. 555579 - 641354 
1371. 555579 - 642171 
1372. 555579 - 643175 
1373. 555579 - 643723 
1374. 555579 - 647209 
1375. 555579 - 649151 
1376. 555579 - 652545 
1377. 555579 - 660136 
1378. 555579 - 662363 
1379. 555579 - 662628 
1380. 555579 - 663921 
1381. 555579 - 667756 
1382. 555579 - 671786 
1383. 557278 - 640366 
1384. 557278 - 641354 
1385. 557278 - 642171 
1386. 557278 - 643175 
1387. 557278 - 643723 
1388. 557278 - 647209 
1389. 557278 - 649151 
1390. 557278 - 652545 
1391. 557278 - 660136 
1392. 557278 - 662363 
1393. 557278 - 662628 
1394. 557278 - 663921 
1395. 557278 - 667756 
1396. 557278 - 671786 
1397. 557758 - 640366 
1398. 557758 - 641354 
1399. 557758 - 642171 
1400. 557758 - 643175 
1401. 557758 - 643723 
1402. 557758 - 647209 
1403. 557758 - 649151 
1404. 557758 - 652545 
1405. 557758 - 660136 
1406. 557758 - 662363 
1407. 557758 - 662628 
1408. 557758 - 663921 
1409. 557758 - 667756 
1410. 557758 - 671786 
1411. 558017 - 640366 
1412. 558017 - 641354 
1413. 558017 - 642171 
1414. 558017 - 643175 
1415. 558017 - 643723 
1416. 558017 - 647209 
1417. 558017 - 649151 
1418. 558017 - 652545 
1419. 558017 - 660136 
1420. 558017 - 662363 
1421. 558017 - 662628 
1422. 558017 - 663921 
1423. 558017 - 667756 
1424. 558017 - 671786 
1425. 560557 - 641354 
1426. 560557 - 642171 
1427. 560557 - 643175 
1428. 560557 - 643723 
1429. 560557 - 647209 
1430. 560557 - 649151 
1431. 560557 - 652545 
1432. 560557 - 660136 
1433. 560557 - 662363 
1434. 560557 - 662628 
1435. 560557 - 663921 
1436. 560557 - 667756 
1437. 560557 - 671786 
1438. 563288 - 643723 
1439. 563288 - 647209 
1440. 563288 - 649151 
1441. 563288 - 652545 
1442. 563288 - 660136 
1443. 563288 - 662363 
1444. 563288 - 662628 
1445. 563288 - 663921 
1446. 563288 - 667756 
1447. 563288 - 671786 
1448. 566153 - 647209 
1449. 566153 - 649151 
1450. 566153 - 652545 
1451. 566153 - 660136 
1452. 566153 - 662363 
1453. 566153 - 662628 
1454. 566153 - 663921 
1455. 566153 - 667756 
1456. 566153 - 671786 
1457. 566153 - 685686 
1458. 568749 - 649151 
1459. 568749 - 652545 
1460. 568749 - 660136 
1461. 568749 - 662363 
1462. 568749 - 662628 
1463. 568749 - 663921 
1464. 568749 - 667756 
1465. 568749 - 671786 
1466. 568749 - 685686 
1467. 568749 - 686574 
1468. 569442 - 652545 
1469. 569442 - 660136 
1470. 569442 - 662363 
1471. 569442 - 662628 
1472. 569442 - 663921 
1473. 569442 - 667756 
1474. 569442 - 671786 
1475. 569442 - 685686 
1476. 569442 - 686574 
1477. 571916 - 652545 
1478. 571916 - 660136 
1479. 571916 - 662363 
1480. 571916 - 662628 
1481. 571916 - 663921 
1482. 571916 - 667756 
1483. 571916 - 671786 
1484. 571916 - 685686 
1485. 571916 - 686574 
1486. 571916 - 690238 
1487. 574433 - 660136 
1488. 574433 - 662363 
1489. 574433 - 662628 
1490. 574433 - 663921 
1491. 574433 - 667756 
1492. 574433 - 671786 
1493. 574433 - 685686 
1494. 574433 - 686574 
1495. 574433 - 690238 
1496. 576197 - 660136 
1497. 576197 - 662363 
1498. 576197 - 662628 
1499. 576197 - 663921 
1500. 576197 - 667756 
1501. 576197 - 671786 
1502. 576197 - 685686 
1503. 576197 - 686574 
1504. 576197 - 690238 
1505. 579252 - 660136 
1506. 579252 - 662363 
1507. 579252 - 662628 
1508. 579252 - 663921 
1509. 579252 - 667756 
1510. 579252 - 671786 
1511. 579252 - 685686 
1512. 579252 - 686574 
1513. 579252 - 690238 
1514. 579252 - 696881 
1515. 579252 - 698978 
1516. 580641 - 662363 
1517. 580641 - 662628 
1518. 580641 - 663921 
1519. 580641 - 667756 
1520. 580641 - 671786 
1521. 580641 - 685686 
1522. 580641 - 686574 
1523. 580641 - 690238 
1524. 580641 - 696881 
1525. 580641 - 698978 
1526. 580641 - 700640 
1527. 583572 - 663921 
1528. 583572 - 667756 
1529. 583572 - 671786 
1530. 583572 - 685686 
1531. 583572 - 686574 
1532. 583572 - 690238 
1533. 583572 - 696881 
1534. 583572 - 698978 
1535. 583572 - 700640 
1536. 583572 - 701421 
1537. 583985 - 667756 
1538. 583985 - 671786 
1539. 583985 - 685686 
1540. 583985 - 686574 
1541. 583985 - 690238 
1542. 583985 - 696881 
1543. 583985 - 698978 
1544. 583985 - 700640 
1545. 583985 - 701421 
1546. 587648 - 667756 
1547. 587648 - 671786 
1548. 587648 - 685686 
1549. 587648 - 686574 
1550. 587648 - 690238 
1551. 587648 - 696881 
1552. 587648 - 698978 
1553. 587648 - 700640 
1554. 587648 - 701421 
1555. 587648 - 705903 
1556. 592621 - 685686 
1557. 592621 - 686574 
1558. 592621 - 690238 
1559. 592621 - 696881 
1560. 592621 - 698978 
1561. 592621 - 700640 
1562. 592621 - 701421 
1563. 592621 - 705903 
1564. 592621 - 708499 
1565. 592970 - 685686 
1566. 592970 - 686574 
1567. 592970 - 690238 
1568. 592970 - 696881 
1569. 592970 - 698978 
1570. 592970 - 700640 
1571. 592970 - 701421 
1572. 592970 - 705903 
1573. 592970 - 708499 
1574. 596708 - 685686 
1575. 596708 - 686574 
1576. 596708 - 690238 
1577. 596708 - 696881 
1578. 596708 - 698978 
1579. 596708 - 700640 
1580. 596708 - 701421 
1581. 596708 - 705903 
1582. 596708 - 708499 
1583. 597021 - 685686 
1584. 597021 - 686574 
1585. 597021 - 690238 
1586. 597021 - 696881 
1587. 597021 - 698978 
1588. 597021 - 700640 
1589. 597021 - 701421 
1590. 597021 - 705903 
1591. 597021 - 708499 
1592. 597021 - 716863 
1593. 597818 - 685686 
1594. 597818 - 686574 
1595. 597818 - 690238 
1596. 597818 - 696881 
1597. 597818 - 698978 
1598. 597818 - 700640 
1599. 597818 - 701421 
1600. 597818 - 705903 
1601. 597818 - 708499 
1602. 597818 - 716863 
1603. 598431 - 685686 
1604. 598431 - 686574 
1605. 598431 - 690238 
1606. 598431 - 696881 
1607. 598431 - 698978 
1608. 598431 - 700640 
1609. 598431 - 701421 
1610. 598431 - 705903 
1611. 598431 - 708499 
1612. 598431 - 716863 
1613. 598431 - 717980 
1614. 598915 - 685686 
1615. 598915 - 686574 
1616. 598915 - 690238 
1617. 598915 - 696881 
1618. 598915 - 698978 
1619. 598915 - 700640 
1620. 598915 - 701421 
1621. 598915 - 705903 
1622. 598915 - 708499 
1623. 598915 - 716863 
1624. 598915 - 717980 
1625. 609088 - 690238 
1626. 609088 - 696881 
1627. 609088 - 698978 
1628. 609088 - 700640 
1629. 609088 - 701421 
1630. 609088 - 705903 
1631. 609088 - 708499 
1632. 609088 - 716863 
1633. 609088 - 717980 
1634. 612577 - 696881 
1635. 612577 - 698978 
1636. 612577 - 700640 
1637. 612577 - 701421 
1638. 612577 - 705903 
1639. 612577 - 708499 
1640. 612577 - 716863 
1641. 612577 - 717980 
1642. 612577 - 729539 
1643. 612577 - 732571 
1644. 613409 - 696881 
1645. 613409 - 698978 
1646. 613409 - 700640 
1647. 613409 - 701421 
1648. 613409 - 705903 
1649. 613409 - 708499 
1650. 613409 - 716863 
1651. 613409 - 717980 
1652. 613409 - 729539 
1653. 613409 - 732571 
1654. 614208 - 696881 
1655. 614208 - 698978 
1656. 614208 - 700640 
1657. 614208 - 701421 
1658. 614208 - 705903 
1659. 614208 - 708499 
1660. 614208 - 716863 
1661. 614208 - 717980 
1662. 614208 - 729539 
1663. 614208 - 732571 
1664. 614710 - 696881 
1665. 614710 - 698978 
1666. 614710 - 700640 
1667. 614710 - 701421 
1668. 614710 - 705903 
1669. 614710 - 708499 
1670. 614710 - 716863 
1671. 614710 - 717980 
1672. 614710 - 729539 
1673. 614710 - 732571 
1674. 618638 - 698978 
1675. 618638 - 700640 
1676. 618638 - 701421 
1677. 618638 - 705903 
1678. 618638 - 708499 
1679. 618638 - 716863 
1680. 618638 - 717980 
1681. 618638 - 729539 
1682. 618638 - 732571 
1683. 618638 - 735400 
1684. 621404 - 701421 
1685. 621404 - 705903 
1686. 621404 - 708499 
1687. 621404 - 716863 
1688. 621404 - 717980 
1689. 621404 - 729539 
1690. 621404 - 732571 
1691. 621404 - 735400 
1692. 622420 - 705903 
1693. 622420 - 708499 
1694. 622420 - 716863 
1695. 622420 - 717980 
1696. 622420 - 729539 
1697. 622420 - 732571 
1698. 622420 - 735400 
1699. 626835 - 708499 
1700. 626835 - 716863 
1701. 626835 - 717980 
1702. 626835 - 729539 
1703. 626835 - 732571 
1704. 626835 - 735400 
1705. 626835 - 744951 
1706. 626835 - 746823 
1707. 635165 - 716863 
1708. 635165 - 717980 
1709. 635165 - 729539 
1710. 635165 - 732571 
1711. 635165 - 735400 
1712. 635165 - 744951 
1713. 635165 - 746823 
1714. 635165 - 754902 
1715. 640366 - 729539 
1716. 640366 - 732571 
1717. 640366 - 735400 
1718. 640366 - 744951 
1719. 640366 - 746823 
1720. 640366 - 754902 
1721. 640366 - 757075 
1722. 641354 - 729539 
1723. 641354 - 732571 
1724. 641354 - 735400 
1725. 641354 - 744951 
1726. 641354 - 746823 
1727. 641354 - 754902 
1728. 641354 - 757075 
1729. 642171 - 729539 
1730. 642171 - 732571 
1731. 642171 - 735400 
1732. 642171 - 744951 
1733. 642171 - 746823 
1734. 642171 - 754902 
1735. 642171 - 757075 
1736. 642171 - 761712 
1737. 642171 - 761898 
1738. 643175 - 729539 
1739. 643175 - 732571 
1740. 643175 - 735400 
1741. 643175 - 744951 
1742. 643175 - 746823 
1743. 643175 - 754902 
1744. 643175 - 757075 
1745. 643175 - 761712 
1746. 643175 - 761898 
1747. 643175 - 763156 
1748. 643723 - 729539 
1749. 643723 - 732571 
1750. 643723 - 735400 
1751. 643723 - 744951 
1752. 643723 - 746823 
1753. 643723 - 754902 
1754. 643723 - 757075 
1755. 643723 - 761712 
1756. 643723 - 761898 
1757. 643723 - 763156 
1758. 647209 - 729539 
1759. 647209 - 732571 
1760. 647209 - 735400 
1761. 647209 - 744951 
1762. 647209 - 746823 
1763. 647209 - 754902 
1764. 647209 - 757075 
1765. 647209 - 761712 
1766. 647209 - 761898 
1767. 647209 - 763156 
1768. 647209 - 767075 
1769. 649151 - 729539 
1770. 649151 - 732571 
1771. 649151 - 735400 
1772. 649151 - 744951 
1773. 649151 - 746823 
1774. 649151 - 754902 
1775. 649151 - 757075 
1776. 649151 - 761712 
1777. 649151 - 761898 
1778. 649151 - 763156 
1779. 649151 - 767075 
1780. 649151 - 767852 
1781. 652545 - 732571 
1782. 652545 - 735400 
1783. 652545 - 744951 
1784. 652545 - 746823 
1785. 652545 - 754902 
1786. 652545 - 757075 
1787. 652545 - 761712 
1788. 652545 - 761898 
1789. 652545 - 763156 
1790. 652545 - 767075 
1791. 652545 - 767852 
1792. 652545 - 769940 
1793. 652545 - 771307 
1794. 660136 - 744951 
1795. 660136 - 746823 
1796. 660136 - 754902 
1797. 660136 - 757075 
1798. 660136 - 761712 
1799. 660136 - 761898 
1800. 660136 - 763156 
1801. 660136 - 767075 
1802. 660136 - 767852 
1803. 660136 - 769940 
1804. 660136 - 771307 
1805. 660136 - 774433 
1806. 660136 - 776244 
1807. 660136 - 777444 
1808. 662363 - 744951 
1809. 662363 - 746823 
1810. 662363 - 754902 
1811. 662363 - 757075 
1812. 662363 - 761712 
1813. 662363 - 761898 
1814. 662363 - 763156 
1815. 662363 - 767075 
1816. 662363 - 767852 
1817. 662363 - 769940 
1818. 662363 - 771307 
1819. 662363 - 774433 
1820. 662363 - 776244 
1821. 662363 - 777444 
1822. 662363 - 781293 
1823. 662628 - 744951 
1824. 662628 - 746823 
1825. 662628 - 754902 
1826. 662628 - 757075 
1827. 662628 - 761712 
1828. 662628 - 761898 
1829. 662628 - 763156 
1830. 662628 - 767075 
1831. 662628 - 767852 
1832. 662628 - 769940 
1833. 662628 - 771307 
1834. 662628 - 774433 
1835. 662628 - 776244 
1836. 662628 - 777444 
1837. 662628 - 781293 
1838. 663921 - 744951 
1839. 663921 - 746823 
1840. 663921 - 754902 
1841. 663921 - 757075 
1842. 663921 - 761712 
1843. 663921 - 761898 
1844. 663921 - 763156 
1845. 663921 - 767075 
1846. 663921 - 767852 
1847. 663921 - 769940 
1848. 663921 - 771307 
1849. 663921 - 774433 
1850. 663921 - 776244 
1851. 663921 - 777444 
1852. 663921 - 781293 
1853. 663921 - 783212 
1854. 667756 - 754902 
1855. 667756 - 757075 
1856. 667756 - 761712 
1857. 667756 - 761898 
1858. 667756 - 763156 
1859. 667756 - 767075 
1860. 667756 - 767852 
1861. 667756 - 769940 
1862. 667756 - 771307 
1863. 667756 - 774433 
1864. 667756 - 776244 
1865. 667756 - 777444 
1866. 667756 - 781293 
1867. 667756 - 783212 
1868. 667756 - 787324 
1869. 671786 - 754902 
1870. 671786 - 757075 
1871. 671786 - 761712 
1872. 671786 - 761898 
1873. 671786 - 763156 
1874. 671786 - 767075 
1875. 671786 - 767852 
1876. 671786 - 769940 
1877. 671786 - 771307 
1878. 671786 - 774433 
1879. 671786 - 776244 
1880. 671786 - 777444 
1881. 671786 - 781293 
1882. 671786 - 783212 
1883. 671786 - 787324 
1884. 671786 - 788810 
1885. 671786 - 788971 
1886. 671786 - 791394 
1887. 685686 - 767075 
1888. 685686 - 767852 
1889. 685686 - 769940 
1890. 685686 - 771307 
1891. 685686 - 774433 
1892. 685686 - 776244 
1893. 685686 - 777444 
1894. 685686 - 781293 
1895. 685686 - 783212 
1896. 685686 - 787324 
1897. 685686 - 788810 
1898. 685686 - 788971 
1899. 685686 - 791394 
1900. 685686 - 792194 
1901. 685686 - 798826 
1902. 686574 - 767075 
1903. 686574 - 767852 
1904. 686574 - 769940 
1905. 686574 - 771307 
1906. 686574 - 774433 
1907. 686574 - 776244 
1908. 686574 - 777444 
1909. 686574 - 781293 
1910. 686574 - 783212 
1911. 686574 - 787324 
1912. 686574 - 788810 
1913. 686574 - 788971 
1914. 686574 - 791394 
1915. 686574 - 792194 
1916. 686574 - 798826 
1917. 690238 - 771307 
1918. 690238 - 774433 
1919. 690238 - 776244 
1920. 690238 - 777444 
1921. 690238 - 781293 
1922. 690238 - 783212 
1923. 690238 - 787324 
1924. 690238 - 788810 
1925. 690238 - 788971 
1926. 690238 - 791394 
1927. 690238 - 792194 
1928. 690238 - 798826 
1929. 690238 - 807470 
1930. 690238 - 808441 
1931. 696881 - 777444 
1932. 696881 - 781293 
1933. 696881 - 783212 
1934. 696881 - 787324 
1935. 696881 - 788810 
1936. 696881 - 788971 
1937. 696881 - 791394 
1938. 696881 - 792194 
1939. 696881 - 798826 
1940. 696881 - 807470 
1941. 696881 - 808441 
1942. 696881 - 811627 
1943. 698978 - 781293 
1944. 698978 - 783212 
1945. 698978 - 787324 
1946. 698978 - 788810 
1947. 698978 - 788971 
1948. 698978 - 791394 
1949. 698978 - 792194 
1950. 698978 - 798826 
1951. 698978 - 807470 
1952. 698978 - 808441 
1953. 698978 - 811627 
1954. 700640 - 781293 
1955. 700640 - 783212 
1956. 700640 - 787324 
1957. 700640 - 788810 
1958. 700640 - 788971 
1959. 700640 - 791394 
1960. 700640 - 792194 
1961. 700640 - 798826 
1962. 700640 - 807470 
1963. 700640 - 808441 
1964. 700640 - 811627 
1965. 701421 - 783212 
1966. 701421 - 787324 
1967. 701421 - 788810 
1968. 701421 - 788971 
1969. 701421 - 791394 
1970. 701421 - 792194 
1971. 701421 - 798826 
1972. 701421 - 807470 
1973. 701421 - 808441 
1974. 701421 - 811627 
1975. 705903 - 787324 
1976. 705903 - 788810 
1977. 705903 - 788971 
1978. 705903 - 791394 
1979. 705903 - 792194 
1980. 705903 - 798826 
1981. 705903 - 807470 
1982. 705903 - 808441 
1983. 705903 - 811627 
1984. 705903 - 823574 
1985. 705903 - 823877 
1986. 708499 - 788810 
1987. 708499 - 788971 
1988. 708499 - 791394 
1989. 708499 - 792194 
1990. 708499 - 798826 
1991. 708499 - 807470 
1992. 708499 - 808441 
1993. 708499 - 811627 
1994. 708499 - 823574 
1995. 708499 - 823877 
1996. 708499 - 828466 
1997. 716863 - 798826 
1998. 716863 - 807470 
1999. 716863 - 808441 
2000. 716863 - 811627 
2001. 716863 - 823574 
2002. 716863 - 823877 
2003. 716863 - 828466 
2004. 716863 - 829920 
2005. 716863 - 831574 
2006. 717980 - 798826 
2007. 717980 - 807470 
2008. 717980 - 808441 
2009. 717980 - 811627 
2010. 717980 - 823574 
2011. 717980 - 823877 
2012. 717980 - 828466 
2013. 717980 - 829920 
2014. 717980 - 831574 
2015. 729539 - 811627 
2016. 729539 - 823574 
2017. 729539 - 823877 
2018. 729539 - 828466 
2019. 729539 - 829920 
2020. 729539 - 831574 
2021. 729539 - 842815 
2022. 729539 - 843904 
2023. 729539 - 847585 
2024. 732571 - 823574 
2025. 732571 - 823877 
2026. 732571 - 828466 
2027. 732571 - 829920 
2028. 732571 - 831574 
2029. 732571 - 842815 
2030. 732571 - 843904 
2031. 732571 - 847585 
2032. 735400 - 823574 
2033. 735400 - 823877 
2034. 735400 - 828466 
2035. 735400 - 829920 
2036. 735400 - 831574 
2037. 735400 - 842815 
2038. 735400 - 843904 
2039. 735400 - 847585 
2040. 744951 - 828466 
2041. 744951 - 829920 
2042. 744951 - 831574 
2043. 744951 - 842815 
2044. 744951 - 843904 
2045. 744951 - 847585 
2046. 744951 - 862125 
2047. 746823 - 828466 
2048. 746823 - 829920 
2049. 746823 - 831574 
2050. 746823 - 842815 
2051. 746823 - 843904 
2052. 746823 - 847585 
2053. 746823 - 862125 
2054. 754902 - 842815 
2055. 754902 - 843904 
2056. 754902 - 847585 
2057. 754902 - 862125 
2058. 754902 - 869868 
2059. 754902 - 871819 
2060. 757075 - 842815 
2061. 757075 - 843904 
2062. 757075 - 847585 
2063. 757075 - 862125 
2064. 757075 - 869868 
2065. 757075 - 871819 
2066. 761712 - 842815 
2067. 761712 - 843904 
2068. 761712 - 847585 
2069. 761712 - 862125 
2070. 761712 - 869868 
2071. 761712 - 871819 
2072. 761712 - 878766 
2073. 761712 - 880503 
2074. 761712 - 880692 
2075. 761712 - 881006 
2076. 761898 - 842815 
2077. 761898 - 843904 
2078. 761898 - 847585 
2079. 761898 - 862125 
2080. 761898 - 869868 
2081. 761898 - 871819 
2082. 761898 - 878766 
2083. 761898 - 880503 
2084. 761898 - 880692 
2085. 761898 - 881006 
2086. 763156 - 843904 
2087. 763156 - 847585 
2088. 763156 - 862125 
2089. 763156 - 869868 
2090. 763156 - 871819 
2091. 763156 - 878766 
2092. 763156 - 880503 
2093. 763156 - 880692 
2094. 763156 - 881006 
2095. 767075 - 847585 
2096. 767075 - 862125 
2097. 767075 - 869868 
2098. 767075 - 871819 
2099. 767075 - 878766 
2100. 767075 - 880503 
2101. 767075 - 880692 
2102. 767075 - 881006 
2103. 767075 - 883331 
2104. 767075 - 885463 
2105. 767852 - 862125 
2106. 767852 - 869868 
2107. 767852 - 871819 
2108. 767852 - 878766 
2109. 767852 - 880503 
2110. 767852 - 880692 
2111. 767852 - 881006 
2112. 767852 - 883331 
2113. 767852 - 885463 
2114. 769940 - 862125 
2115. 769940 - 869868 
2116. 769940 - 871819 
2117. 769940 - 878766 
2118. 769940 - 880503 
2119. 769940 - 880692 
2120. 769940 - 881006 
2121. 769940 - 883331 
2122. 769940 - 885463 
2123. 771307 - 862125 
2124. 771307 - 869868 
2125. 771307 - 871819 
2126. 771307 - 878766 
2127. 771307 - 880503 
2128. 771307 - 880692 
2129. 771307 - 881006 
2130. 771307 - 883331 
2131. 771307 - 885463 
2132. 774433 - 862125 
2133. 774433 - 869868 
2134. 774433 - 871819 
2135. 774433 - 878766 
2136. 774433 - 880503 
2137. 774433 - 880692 
2138. 774433 - 881006 
2139. 774433 - 883331 
2140. 774433 - 885463 
2141. 776244 - 862125 
2142. 776244 - 869868 
2143. 776244 - 871819 
2144. 776244 - 878766 
2145. 776244 - 880503 
2146. 776244 - 880692 
2147. 776244 - 881006 
2148. 776244 - 883331 
2149. 776244 - 885463 
2150. 776244 - 895245 
2151. 777444 - 862125 
2152. 777444 - 869868 
2153. 777444 - 871819 
2154. 777444 - 878766 
2155. 777444 - 880503 
2156. 777444 - 880692 
2157. 777444 - 881006 
2158. 777444 - 883331 
2159. 777444 - 885463 
2160. 777444 - 895245 
2161. 781293 - 862125 
2162. 781293 - 869868 
2163. 781293 - 871819 
2164. 781293 - 878766 
2165. 781293 - 880503 
2166. 781293 - 880692 
2167. 781293 - 881006 
2168. 781293 - 883331 
2169. 781293 - 885463 
2170. 781293 - 895245 
2171. 783212 - 869868 
2172. 783212 - 871819 
2173. 783212 - 878766 
2174. 783212 - 880503 
2175. 783212 - 880692 
2176. 783212 - 881006 
2177. 783212 - 883331 
2178. 783212 - 885463 
2179. 783212 - 895245 
2180. 787324 - 869868 
2181. 787324 - 871819 
2182. 787324 - 878766 
2183. 787324 - 880503 
2184. 787324 - 880692 
2185. 787324 - 881006 
2186. 787324 - 883331 
2187. 787324 - 885463 
2188. 787324 - 895245 
2189. 787324 - 904042 
2190. 787324 - 905829 
2191. 788810 - 869868 
2192. 788810 - 871819 
2193. 788810 - 878766 
2194. 788810 - 880503 
2195. 788810 - 880692 
2196. 788810 - 881006 
2197. 788810 - 883331 
2198. 788810 - 885463 
2199. 788810 - 895245 
2200. 788810 - 904042 
2201. 788810 - 905829 
2202. 788971 - 869868 
2203. 788971 - 871819 
2204. 788971 - 878766 
2205. 788971 - 880503 
2206. 788971 - 880692 
2207. 788971 - 881006 
2208. 788971 - 883331 
2209. 788971 - 885463 
2210. 788971 - 895245 
2211. 788971 - 904042 
2212. 788971 - 905829 
2213. 791394 - 871819 
2214. 791394 - 878766 
2215. 791394 - 880503 
2216. 791394 - 880692 
2217. 791394 - 881006 
2218. 791394 - 883331 
2219. 791394 - 885463 
2220. 791394 - 895245 
2221. 791394 - 904042 
2222. 791394 - 905829 
2223. 792194 - 878766 
2224. 792194 - 880503 
2225. 792194 - 880692 
2226. 792194 - 881006 
2227. 792194 - 883331 
2228. 792194 - 885463 
2229. 792194 - 895245 
2230. 792194 - 904042 
2231. 792194 - 905829 
2232. 798826 - 880503 
2233. 798826 - 880692 
2234. 798826 - 881006 
2235. 798826 - 883331 
2236. 798826 - 885463 
2237. 798826 - 895245 
2238. 798826 - 904042 
2239. 798826 - 905829 
2240. 798826 - 913471 
2241. 798826 - 916639 
2242. 798826 - 918601 
2243. 807470 - 895245 
2244. 807470 - 904042 
2245. 807470 - 905829 
2246. 807470 - 913471 
2247. 807470 - 916639 
2248. 807470 - 918601 
2249. 807470 - 922783 
2250. 808441 - 895245 
2251. 808441 - 904042 
2252. 808441 - 905829 
2253. 808441 - 913471 
2254. 808441 - 916639 
2255. 808441 - 918601 
2256. 808441 - 922783 
2257. 811627 - 895245 
2258. 811627 - 904042 
2259. 811627 - 905829 
2260. 811627 - 913471 
2261. 811627 - 916639 
2262. 811627 - 918601 
2263. 811627 - 922783 
2264. 823574 - 904042 
2265. 823574 - 905829 
2266. 823574 - 913471 
2267. 823574 - 916639 
2268. 823574 - 918601 
2269. 823574 - 922783 
2270. 823574 - 934010 
2271. 823574 - 935776 
2272. 823877 - 904042 
2273. 823877 - 905829 
2274. 823877 - 913471 
2275. 823877 - 916639 
2276. 823877 - 918601 
2277. 823877 - 922783 
2278. 823877 - 934010 
2279. 823877 - 935776 
2280. 828466 - 913471 
2281. 828466 - 916639 
2282. 828466 - 918601 
2283. 828466 - 922783 
2284. 828466 - 934010 
2285. 828466 - 935776 
2286. 828466 - 945811 
2287. 828466 - 946496 
2288. 829920 - 913471 
2289. 829920 - 916639 
2290. 829920 - 918601 
2291. 829920 - 922783 
2292. 829920 - 934010 
2293. 829920 - 935776 
2294. 829920 - 945811 
2295. 829920 - 946496 
2296. 831574 - 913471 
2297. 831574 - 916639 
2298. 831574 - 918601 
2299. 831574 - 922783 
2300. 831574 - 934010 
2301. 831574 - 935776 
2302. 831574 - 945811 
2303. 831574 - 946496 
2304. 842815 - 934010 
2305. 842815 - 935776 
2306. 842815 - 945811 
2307. 842815 - 946496 
2308. 842815 - 952850 
2309. 842815 - 955374 
2310. 842815 - 956927 
2311. 842815 - 961902 
2312. 843904 - 934010 
2313. 843904 - 935776 
2314. 843904 - 945811 
2315. 843904 - 946496 
2316. 843904 - 952850 
2317. 843904 - 955374 
2318. 843904 - 956927 
2319. 843904 - 961902 
2320. 847585 - 934010 
2321. 847585 - 935776 
2322. 847585 - 945811 
2323. 847585 - 946496 
2324. 847585 - 952850 
2325. 847585 - 955374 
2326. 847585 - 956927 
2327. 847585 - 961902 
2328. 862125 - 945811 
2329. 862125 - 946496 
2330. 862125 - 952850 
2331. 862125 - 955374 
2332. 862125 - 956927 
2333. 862125 - 961902 
2334. 862125 - 980441 
2335. 869868 - 952850 
2336. 869868 - 955374 
2337. 869868 - 956927 
2338. 869868 - 961902 
2339. 869868 - 980441 
2340. 869868 - 982162 
2341. 869868 - 983723 
2342. 871819 - 952850 
2343. 871819 - 955374 
2344. 871819 - 956927 
2345. 871819 - 961902 
2346. 871819 - 980441 
2347. 871819 - 982162 
2348. 871819 - 983723 
2349. 871819 - 990777 
2350. 871819 - 991186 
2351. 878766 - 961902 
2352. 878766 - 980441 
2353. 878766 - 982162 
2354. 878766 - 983723 
2355. 878766 - 990777 
2356. 878766 - 991186 
2357. 878766 - 992280 
2358. 878766 - 998077 
2359. 880503 - 961902 
2360. 880503 - 980441 
2361. 880503 - 982162 
2362. 880503 - 983723 
2363. 880503 - 990777 
2364. 880503 - 991186 
2365. 880503 - 992280 
2366. 880503 - 998077 
2367. 880692 - 961902 
2368. 880692 - 980441 
2369. 880692 - 982162 
2370. 880692 - 983723 
2371. 880692 - 990777 
2372. 880692 - 991186 
2373. 880692 - 992280 
2374. 880692 - 998077 
2375. 881006 - 961902 
2376. 881006 - 980441 
2377. 881006 - 982162 
2378. 881006 - 983723 
2379. 881006 - 990777 
2380. 881006 - 991186 
2381. 881006 - 992280 
2382. 881006 - 998077 
2383. 883331 - 980441 
2384. 883331 - 982162 
2385. 883331 - 983723 
2386. 883331 - 990777 
2387. 883331 - 991186 
2388. 883331 - 992280 
2389. 883331 - 998077 
2390. 885463 - 980441 
2391. 885463 - 982162 
2392. 885463 - 983723 
2393. 885463 - 990777 
2394. 885463 - 991186 
2395. 885463 - 992280 
2396. 885463 - 998077 
2397. 895245 - 980441 
2398. 895245 - 982162 
2399. 895245 - 983723 
2400. 895245 - 990777 
2401. 895245 - 991186 
2402. 895245 - 992280 
2403. 895245 - 998077 
2404. 904042 - 990777 
2405. 904042 - 991186 
2406. 904042 - 992280 
2407. 904042 - 998077 
2408. 905829 - 990777 
2409. 905829 - 991186 
2410. 905829 - 992280 
2411. 905829 - 998077 
2412. 913471 - 998077 
2413. 916639 - 998077 
